9415
1470246
3104288
3853959
5409597
6318913
8192006
9335908
10232600
12247904
13836451
14992883
16805759
17521317
19188881
21313784
22193272
23686302
25545517
27033606
28344574
30396553
31782330
32258044
33982823
35951689
36645190
39559280
40853842
41095834
43972436
45306138
46549369
47726160
48893558
49266286
52294821
55709342
56688174
57615581
56712897
60013007
59325257
61137071
64454123
64338425
65033974
66513196
66314709
67246709
70683023
74265052
75583579
75309430
77282623
79047001
81481301
79518801
83902353
86029847
86986522
84948172
87909027
90673018
94539313
95151535
96413298
97608556
98460926
102919928
103901574
105179293
102950660
104407709
108424818
107766930
109375156
111214795
111972682
113128153
115249774
120249451
118993765
120716190
120835172
124514380
124767194
126527313
128933974
133128185
134131991
132585059
134846761
134939977
137797294
137972718
143566922
140387590
142329862
148902464
