19999
34082
52451
110123
93240
104828
161300
247051
208093
180640
206371
239708
301059
327602
295593
315930
326745
351665
360051
388067
424388
461228
544393
507890
514565
520970
583387
678555
608687
647574
631071
690088
742984
739027
767336
768226
782478
887890
792878
814104
847174
912229
1056931
1146014
962126
1039629
1050910
1107542
1189747
1221506
1139529
1174511
1189610
1165854
1271690
1373823
1526328
1424306
1374643
1374294
1358229
1417894
1443368
1554190
1557497
1577596
1615779
1706754
1612255
1572615
1627833
1700217
1745602
1847292
1937253
1977720
1968027
1899497
1837966
1958741
2303293
2308769
2152709
2187755
2092884
2260522
2569276
2524523
2483108
2294176
2314524
2569678
2728991
2728384
2422676
2363552
2578601
2873127
2719429
