23485
232635
493492
754307
959585
1171699
1467010
1736321
2111041
2287357
2423136
2661985
2848088
3336519
3502214
3524451
3967658
4544172
4627769
4804964
5895249
5391847
5730940
6252261
6046541
7008741
6703212
6961898
6887918
7228860
7729898
7722325
8597116
9223588
11257022
13039394
12789272
11394697
11037785
10745959
10347818
10634665
10974602
11598292
12539875
13599774
14917886
15308331
19738538
17696932
16213488
14177888
14647243
15175223
16408542
17040459
17900380
17937593
19322469
18196746
17907857
19856585
18993919
19375320
20350490
29977856
27321293
24395625
23379605
24275968
23554817
22269919
24906678
34416838
36543660
27017005
25734875
25183766
23465303
27628460
26200242
24824695
25613977
27187450
28442940
27776910
27702194
28199749
27507385
28264721
29282768
28030775
32337589
32047192
30864550
28914372
29053044
28694823
28419387
28242232
