14083
2437845
5104041
7742177
10756977
13396952
16627186
19500316
23455373
26839512
28368918
31386889
36817427
38352547
40266490
43826283
47128153
49281614
53858262
56327957
58263129
61174530
63499404
67670261
69339069
70934162
78177901
76332890
82610047
85929444
87178787
88987407
91883898
96140170
99116700
103256609
104935774
107856132
111125376
112115204
120274853
118687455
121139015
120662738
126718309
131314552
133586154
137306369
139385457
145742847
147139395
149390529
151841186
156164547
159320622
160523004
163450663
168220544
171201032
178664309
179290549
179100259
182651419
185294683
193260379
194087904
196124916
199207525
212662039
211660154
211554020
212458766
214407783
215956328
222993778
225005820
225746815
229498206
233428025
237611004
238959771
245947209
246163913
249587473
255738531
249657532
260865192
261533401
262728188
267176838
268503791
278984333
269828129
278340682
287112388
291301157
292090659
