14977
1392842
2409379
4189796
5480977
6817581
8271509
12689085
11008862
13216605
13831730
15301007
16759965
18147254
19830114
21099450
22485130
24057184
25388891
26895613
28453579
29935439
31412439
32492308
34210650
34962082
35850786
38870071
40376473
41747369
43128445
43318171
44406785
45999597
47379983
49176313
50218045
52751283
53027994
56631817
58187784
59085870
59149934
62860270
62353431
62974040
64053012
66145328
67391083
69060330
71678908
74225634
73571154
74786547
76443702
78143707
79450713
81308967
82168004
83303342
84946320
86881759
87977702
89568176
90794315
91954582
93625751
95485823
97179413
98452558
99910906
101457189
102183104
104369916
105623337
106847182
109210839
111020128
111510982
113238436
114994158
116752813
118176687
120057709
124510336
122843237
123919556
127173991
131729303
129801565
130253348
131268525
132042881
134431494
135603312
137132150
138481693
