10056
17180
26782
35195
45115
67358
76605
88926
97268
109876
122137
131803
145214
155751
166383
180487
192596
200942
213709
231801
241572
255833
262161
276569
285907
354201
345145
323029
382983
354623
357755
383912
383821
399381
406588
437031
431220
445449
487915
493352
514174
497193
514613
566463
535140
539399
581415
569464
653400
652723
655736
659274
691197
667106
659755
675223
753929
715867
720932
757315
724563
744626
762212
854076
858387
868623
808887
824658
838108
902596
910792
908517
885368
892107
912321
998861
966161
1005351
965661
970088
982143
1048518
1052113
1039585
1044732
1056909
1120323
1134979
1090874
1112095
1174735
1159784
1183316
1149769
1190178
1295207
1269064
1200621
1219604
