13444
648916
1270156
1917513
2685523
3266746
4073528
4822027
5439684
6161044
6813899
7595037
9139128
9742239
9804126
10513014
11177537
11944733
12626728
13251558
14045848
14814758
15565475
16290480
17098054
17741459
18342449
19194809
20150199
20660860
21232700
22060249
22690183
23344696
24266378
25040996
25782420
26480410
27109737
27709129
28576396
29403944
30023958
31032325
34189199
32185588
32725904
33590820
34380461
35174417
35905761
36610817
37149120
37979473
38879685
39814306
40563355
41195558
41861672
42307298
43213554
44019810
44795065
45502070
46230075
46819138
47561719
48276160
47750380
49432956
50777662
50059373
50482936
51357359
51842690
52677817
53226381
53663788
54197967
54987766
56299704
58733293
58762704
58483328
59347265
61971898
61599580
61109340
61981307
62315425
64541818
64096676
64586776
65306219
65925120
66721648
70141233
68410174
69155219
70052081
