10547
122231
241378
414772
512450
648793
797846
853987
984863
1125606
1347517
1482994
1501619
1707468
1849219
1897445
2121374
2238407
2322155
2551663
2558238
2818828
2837775
3063861
3148560
3301647
3541915
3589510
3701167
3927106
4024761
4108162
4284425
4526752
4733188
4780293
4886582
5063865
5187648
5333592
5434049
5629428
5787219
5910813
6069940
6213695
8203321
7247685
6986883
8610654
6903573
8376410
9098254
9209161
8161868
7711568
8915983
9644089
9909174
8597097
8320903
8585547
8593897
8782056
8957588
9039848
9255739
9565243
9420763
9537673
9758671
10034094
10128210
10166747
10264775
10478958
10680910
10666049
10901917
11016735
11111279
11232861
11417576
11637430
11760173
11826076
11999630
12169671
12342469
12399863
12580840
12815502
12794684
13052948
13181621
13402961
13567944
13638466
13744843
13966928
