13378
117950
261865
349498
475064
616099
776489
896741
964227
1105899
1197407
1305971
1757115
1719231
2060278
2004632
2149675
2986180
2586242
2949940
2935583
3548878
3753109
3758962
4912704
4191267
4263016
4434635
4716610
4674824
4707609
4896985
5038296
5048611
4863476
5248319
5145218
5224937
5231636
5076019
5368490
5753948
5568693
5301928
5791002
5882051
5741626
6571141
5702669
6719955
7336046
6732767
7602408
8394773
8026591
7875463
7977999
8420762
8298256
7833602
7291027
7967570
8358400
7859850
7905771
8082102
8376171
8635282
7882028
7405562
7589473
8330647
8274581
7563358
7702258
8462425
8380391
7956634
8118174
8532747
8768341
9291971
9134935
8656548
8739860
9115085
9446736
11450266
11622022
10717591
10285648
10434520
9911454
9839602
10272531
10530443
10572141
10678643
11705054
11667540
