6517
879952
1949274
2930343
3842985
5631587
5984570
7485569
8517539
9983654
12167985
12990212
14802529
14804610
16341288
17847107
18182724
18441291
19987290
21018134
22131928
24787245
25474584
26023144
27397739
27645455
29353296
31171305
30136572
31294172
32831502
34872917
36140682
38248024
37371500
38690132
39538456
40436130
41708026
42510226
43898348
43482285
45984248
47873168
48213360
48861527
48999057
51610542
52930559
53785278
54106500
55578779
57295450
56672590
58288969
61152542
59406877
62542645
62244043
63943800
65809690
67049259
67442192
69525359
69505554
69291710
71561700
72901414
74324957
74104400
76291049
78601526
78602736
79462105
80775693
82074930
84388281
84422462
86691952
93234069
87824052
87957652
90635795
93090836
94810945
97967921
94216481
95693546
95780818
96668796
98162479
100750320
102205923
103478088
101164954
104343707
106918054
