7010
415111
859726
1391191
2038108
3221284
3166166
3321316
4964777
4636236
5725819
5590769
7104930
6579028
7663149
9258856
9519696
9289251
9402198
10148337
11239666
12397629
12923956
12777818
13303728
13757859
14102681
14915429
15832306
16489155
16677753
17596102
17496478
18331919
19459806
20191985
21275374
21245431
22106043
21485967
22420961
23342780
24819219
24414522
25001771
25061497
24713572
26242356
27680707
27940531
27947789
28084833
29429638
30776265
29103616
30886747
31113718
32206435
32058954
33160570
32245117
35014664
35290133
34781030
35570683
35335064
38111619
37399424
37975555
37512840
38314382
39126972
40799626
39501119
41305499
42191529
41999317
43923032
42341359
42269242
43179932
43224785
44750963
45528726
45379220
46310520
47052890
48246136
48257091
48648560
47826544
48862861
49751364
50253978
53190676
52569111
53731853
52870790
57671388
54676260
