7000
33893
58900
44326
52050
42692
50382
59622
69644
75599
87208
91545
104908
109356
119511
151879
136025
145203
156335
166766
170257
179154
184763
195181
206685
209615
218850
225710
231769
241681
251326
262517
287778
311529
303038
308728
304405
404856
415939
400697
381457
345836
350057
376709
375290
391147
410930
413354
414557
436047
442485
443940
446400
496513
566668
612307
635058
649641
630046
552533
567959
653863
556034
590941
702055
667932
624210
682622
704533
680328
694660
827642
902604
796673
783175
924213
819420
893463
853714
879657
873149
915814
938274
859636
1121921
971451
1000983
1202170
1138897
1136782
1122639
1143888
1140873
1124236
1114521
1489031
1116942
1311785
1350534
